skvn0  0  0  0  0  0  0  0  0  0  0  0  0  0  0  0  0  0  0
0  2d0  0  0  0  0  0  0  0  0  0  0  0  0  0  0  0  0  0
				0  0 -10 10  0  0 10 10  0  0  0 10 10 10 10 10  0  0  0
0 10 10  0  0 10 10  0  0  0  0  0  0  0 10 10  0  0
0                      0 10 10  0  0 10 10  0  0  0  0  0  0  0 10 10  0  0
0  0 10 10 10 10 10 10  0  0  0  0 10 10 10 10  0  0  0
30 10  0  0  0 10 10  0

100  		0  0  0  0  -100 10 10  0  0  0 10 10  0  0  -10  0  0  0
0  0  0  0  0  0 10 10  0  0  0 10 10 10 10 10 10  0  0
0  0  0  0  0  0  0  0  0  0  0  0  0  0  0  0  0  0  -20
0  0  0  0  0  0  0  0  0  0  0  0  0  0  10--10+20-100  0  0  0  0
0  0  0  0  0  0  0  0  0  0  0  0  0  0  ---10--10+20-100  0  0  0  0
-+-10 +-+10 +--++30 --+---+40 ++++----50 0 0 0 0 0 0 0 0 0
0  0  0  0  0  0  0  0  0  0  0  0  0  0  10--10+20-100  0  0  0  0
0  0  0  0  0  0  0  0  0  0  0  0  0  0  10--10+20-100  0  0  0  0
0  0  0  0  0  0  0  0  0  0  0  0  0  0  10--10+20-100  0  0  0  0
0  0  0  0  0  0  0  0  0  0  0  0  0  0  10--10+20-100  0  0  0  0
++ -- ++ -+-+  +-+---+--+++- 10
0 10 10.1 0  0  0  0  0  0  0  0  0  0  0  0  0  10--10+20-100  0  0  0  0
